Recorded Time: 2024-08-05 14:57:31

1	2.2852046489715576
2	4.192862272262573
3	2.3393378257751465
4	2.416619300842285
5	4.371515512466431
6	2.3401706218719482
7	4.264373302459717
8	2.374211311340332
9	4.241941213607788
10	6.137190103530884
11	2.4459588527679443
12	4.34134840965271
13	2.4154694080352783
14	4.354597330093384
15	2.336167335510254
16	4.261046648025513
17	4.145047426223755
18	2.4533004760742188
19	4.291398286819458
20	2.415699005126953
21	2.3498661518096924
22	4.229867696762085
23	2.361353874206543
24	4.241856336593628
25	2.4550082683563232
26	4.289601802825928
27	4.2165656089782715
28	2.3611297607421875
29	4.314807415008545
30	2.3287742137908936
31	4.2298805713653564
32	2.341426372528076
33	2.357381820678711
34	4.207781553268433
35	2.386638641357422
36	4.2674949169158936
